3 0.084375 0.459375 0.1671875 0.2015625
3 0.2671875 0.434375 0.1953125 0.2328125
3 0.4578125 0.4421875 0.190625 0.1953125
3 0.6359375 0.43125 0.1859375 0.2109375
3 0.0875 0.6484375 0.1734375 0.209375
3 0.2625 0.6296875 0.2109375 0.2046875
3 0.475 0.6203125 0.2 0.2046875
3 0.6453125 0.6296875 0.1578125 0.165625
3 0.084375 0.87421875 0.16875 0.2515625
3 0.275 0.8515625 0.2375 0.2421875
3 0.484375 0.83125 0.2203125 0.2390625
3 0.6609375 0.8109375 0.1765625 0.190625
3 0.08671875 0.98125 0.1734375 0.0375
3 0.2875 0.971875 0.23125 0.05625
3 0.5046875 0.96953125 0.23125 0.0609375
3 0.67578125 0.95078125 0.1453125 0.0984375
