3 0.2671875 0.7421875 0.078125 0.084375
3 0.2 0.6390625 0.071875 0.0796875
3 0.2828125 0.6671875 0.0984375 0.0765625
3 0.16875 0.7140625 0.0953125 0.0890625
3 0.3609375 0.6 0.084375 0.078125
3 0.3984375 0.671875 0.08125 0.0875
3 0.484375 0.746875 0.0765625 0.078125
3 0.484375 0.540625 0.0765625 0.075
3 0.1 0.4328125 0.0640625 0.0578125
3 0.2125 0.45 0.0640625 0.05625
3 0.3 0.3625 0.053125 0.0421875
3 0.4625 0.453125 0.0625 0.071875
3 0.375 0.459375 0.084375 0.0546875
3 0.559375 0.54375 0.071875 0.0671875
3 0.6234375 0.4625 0.0796875 0.0546875
3 0.6515625 0.540625 0.0703125 0.071875
3 0.7765625 0.4875 0.06875 0.071875
3 0.6890625 0.4484375 0.06875 0.065625
3 0.7328125 0.353125 0.059375 0.0609375
3 0.8390625 0.3453125 0.065625 0.059375
3 0.4921875 0.34375 0.0609375 0.0453125
3 0.40625 0.3046875 0.05 0.05
3 0.3875 0.190625 0.0390625 0.04375
3 0.58125 0.24375 0.0453125 0.059375
3 0.5046875 0.23125 0.0953125 0.0578125
3 0.76875 0.296875 0.05625 0.0578125
3 0.7046875 0.3140625 0.0625 0.05625
3 0.6140625 0.3578125 0.059375 0.05625
3 0.7515625 0.5359375 0.0671875 0.0546875
3 0.971875 0.646875 0.05625 0.06875
3 0.81875 0.45 0.06875 0.0515625
3 0.7640625 0.18125 0.0453125 0.034375
3 0.6984375 0.1609375 0.0421875 0.0375
3 0.1546875 0.253125 0.11875 0.0984375
3 0.2671875 0.2796875 0.125 0.0734375
3 0.13125 0.6375 0.084375 0.0640625
