3 0.39375 0.8640625 0.2765625 0.1734375
3 0.4703125 0.7953125 0.10625 0.0984375
3 0.31875 0.7 0.20625 0.1015625
3 0.6109375 0.7 0.0953125 0.0671875
3 0.6578125 0.7796875 0.115625 0.1421875
3 0.18125 0.946875 0.175 0.103125
3 0.7125 0.97109375 0.0625 0.0578125
3 0.3859375 0.525 0.103125 0.1125
3 0.5390625 0.396875 0.0578125 0.0953125
3 0.2328125 0.496875 0.0296875 0.0296875
3 0.1703125 0.465625 0.1015625 0.0671875
3 0.1171875 0.5375 0.125 0.0765625
3 0.0625 0.421875 0.0859375 0.1
3 0.434375 0.4421875 0.115625 0.18125
3 0.721875 0.284375 0.05625 0.0328125
3 0.51875 0.4703125 0.071875 0.0921875
3 0.3171875 0.5921875 0.071875 0.071875
3 0.271875 0.5453125 0.0328125 0.028125
3 0.3046875 0.5015625 0.075 0.084375
