3 0.2875 0.3875 0.2078125 0.225
3 0.5578125 0.796875 0.19375 0.0859375
3 0.4125 0.7109375 0.178125 0.184375
3 0.0703125 0.5 0.140625 0.18125
3 0.6984375 0.5390625 0.14375 0.1171875
3 0.478125 0.465625 0.14375 0.10625
3 0.3578125 0.196875 0.08125 0.1375
3 0.440625 0.271875 0.1640625 0.1109375
3 0.203125 0.246875 0.15625 0.1484375
3 0.04375 0.18125 0.0875 0.1125
3 0.0515625 0.6640625 0.103125 0.0921875
3 0.3828125 0.56875 0.0984375 0.14375
3 0.203125 0.5625 0.178125 0.0828125
3 0.296875 0.6390625 0.125 0.1234375
3 0.94296875 0.1734375 0.1140625 0.096875
3 0.61875 0.409375 0.0875 0.10625
3 0.5328125 0.4046875 0.1046875 0.140625
3 0.528125 0.5703125 0.084375 0.0828125
3 0.040625 0.353125 0.0796875 0.0796875
3 0.3046875 0.4921875 0.0984375 0.0671875
3 0.7109375 0.2265625 0.1953125 0.146875
3 0.4984375 0.16875 0.1734375 0.0828125
