3 0.43828125 0.9828125 0.0546875 0.034375
3 0.4703125 0.9078125 0.040625 0.0421875
3 0.334375 0.7546875 0.0546875 0.0578125
3 0.1546875 0.5390625 0.05 0.040625
3 0.5 0.4328125 0.0421875 0.0390625
3 0.1359375 0.6921875 0.1015625 0.1171875
3 0.196875 0.459375 0.2046875 0.0859375
3 0.42892156875 0.40294117656250006 0.43480392187500005 0.40416666718750005 0.44166666718750003 0.40392156874999996 0.447303921875 0.40490196093749997 0.4522058828125 0.40318627500000004 0.457352940625 0.4036764703125 0.4639705875 0.406617646875 0.4671568625 0.4068627453125 0.47009803906250003 0.41078431406249993 0.47401960781249997 0.4110294125 0.4786764703125 0.4129901953125 0.48137254843750005 0.41200980468750004 0.4818627453125 0.40735294062499994 0.48480392187500004 0.4080882359375 0.488725490625 0.40735294062499994 0.490931371875 0.40833333281249995 0.493382353125 0.406617646875 0.49632352968750004 0.40637254843750004 0.49705882343749996 0.40490196093749997 0.496568628125 0.4002450984375 0.493382353125 0.3990196078125 0.48259803906250004 0.39142156875 0.4779411765625 0.3904411765625 0.471568628125 0.38725490156250003 0.46960784375 0.3870098046875 0.4669117640625 0.38823529375 0.46127450937500003 0.3857843140625 0.4490196078125 0.386274509375 0.43504902031250003 0.3897058828125 0.43137254843750006 0.3919117640625 0.4247549015625 0.39926470625 0.4247549015625 0.40049019531249996 0.42892156875 0.40294117656250006
3 0.56875 0.253125 0.3625 0.1609375
3 0.396875 0.909375 0.1140625 0.09375
3 0.6734375 0.6609375 0.115625 0.125
3 0.64609375 0.9609375 0.1578125 0.078125
3 0.25 0.815625 0.1015625 0.1296875
3 0.509375 0.5109375 0.2109375 0.1359375
3 0.4625 0.1765625 0.0703125 0.103125
3 0.5125 0.3375 0.2203125 0.13125
