3 0.321875 0.8375 0.0625 0.0609375
3 0.0671875 0.559375 0.0546875 0.040625
3 0.0703125 0.6 0.0515625 0.03125
3 0.1453125 0.675 0.0265625 0.05625
3 0.090625 0.5046875 0.0609375 0.071875
3 0.40625 0.7515625 0.053125 0.0515625
3 0.23125 0.85 0.11875 0.146875
3 0.71875 0.88125 0.0625 0.175
3 0.509375 0.5546875 0.0890625 0.06875
3 0.4046875 0.5546875 0.1140625 0.1046875
3 0.4390625 0.4859375 0.5546875 0.40625
3 0.1609375 0.6046875 0.0984375 0.1234375
3 0.41796875 0.90390625 0.1078125 0.1921875
3 0.5328125 0.7546875 0.225 0.1265625
3 0.621875 0.9125 0.1453125 0.146875
