3 0.1921875 0.478125 0.284375 0.2265625
3 0.3671875 0.38125 0.0609375 0.0796875
3 0.4640625 0.2703125 0.0453125 0.0515625
3 0.4171875 0.4046875 0.0515625 0.0453125
3 0.2453125 0.3296875 0.146875 0.05625
3 0.3109375 0.621875 0.0671875 0.09375
3 0.15 0.7734375 0.05 0.1390625
3 0.184375 0.7953125 0.075 0.15
3 0.1765625 0.9828125 0.08125 0.034375
3 0.27578125 0.98046875 0.2171875 0.0390625
3 0.6015625 0.6515625 0.11875 0.2671875
3 0.6859375 0.56875 0.128125 0.1421875
3 0.546875 0.3625 0.1921875 0.3015625
3 0.0703125 0.8484375 0.1015625 0.1796875
3 0.4796875 0.9625 0.078125 0.075
3 0.38125 0.1640625 0.0640625 0.0796875
3 0.425 0.1421875 0.0484375 0.03125
3 0.428125 0.97578125 0.28125 0.0484375
