3 0.3359375 0.275 0.14375 0.1078125
3 0.596875 0.43125 0.0890625 0.0609375
3 0.671875 0.409375 0.1078125 0.125
3 0.4625 0.70625 0.090625 0.0625
3 0.38125 0.73125 0.08125 0.059375
3 0.38125 0.7890625 0.115625 0.0609375
3 0.2890625 0.76875 0.0671875 0.0734375
3 0.1703125 0.73125 0.0953125 0.0765625
3 0.11875 0.5390625 0.028125 0.0265625
3 0.0890625 0.1984375 0.10625 0.075
3 0.15 0.7796875 0.1125 0.0578125
3 0.3859375 0.1421875 0.1109375 0.034375
3 0.5390625 0.2203125 0.1734375 0.0796875
3 0.5890625 0.365625 0.0234375 0.05
3 0.5609375 0.6328125 0.04375 0.040625
3 0.015625 0.1375 0.0296875 0.0265625
