3 0.2890625 0.3109375 0.0984375 0.1078125
3 0.2421875 0.384375 0.0859375 0.1203125
3 0.2765625 0.4640625 0.0859375 0.096875
3 0.3765625 0.3578125 0.1015625 0.103125
3 0.3515625 0.453125 0.0625 0.096875
3 0.50625 0.3203125 0.084375 0.0796875
3 0.4625 0.434375 0.059375 0.0734375
3 0.5265625 0.4734375 0.0515625 0.0890625
3 0.571875 0.5046875 0.0421875 0.0796875
3 0.275 0.6671875 0.0875 0.0984375
3 0.346875 0.6921875 0.0640625 0.0796875
3 0.4375 0.596875 0.0875 0.071875
3 0.484375 0.7296875 0.071875 0.0734375
3 0.596875 0.7421875 0.06875 0.0921875
3 0.40625 0.65625 0.134375 0.0765625
3 0.5375 0.5578125 0.115625 0.09375
3 0.2328125 0.528125 0.075 0.090625
3 0.3421875 0.5375 0.09375 0.0625
3 0.253125 0.728125 0.0578125 0.0734375
3 0.3234375 0.753125 0.096875 0.090625
3 0.196875 0.7796875 0.0609375 0.0671875
3 0.184375 0.8484375 0.0515625 0.0515625
3 0.2453125 0.8484375 0.0671875 0.084375
3 0.3140625 0.834375 0.0671875 0.0859375
3 0.3765625 0.9 0.0703125 0.0859375
3 0.6 0.865625 0.06875 0.08125
3 0.459375 0.803125 0.1 0.065625
3 0.2515625 0.925 0.0796875 0.0703125
3 0.18125 0.9078125 0.0421875 0.053125
3 0.19453125 0.9765625 0.0859375 0.046875
3 0.4015625 0.9640625 0.0671875 0.071875
3 0.68515625 0.97578125 0.0734375 0.0484375
3 0.7125 0.884375 0.0734375 0.16875
