3 0.4703125 0.903125 0.246875 0.1765625
3 0.29375 0.70625 0.25 0.171875
3 0.6234375 0.7421875 0.096875 0.2796875
3 0.3515625 0.3625 0.225 0.3640625
3 0.225 0.478125 0.140625 0.1625
3 0.1046875 0.29375 0.125 0.1296875
3 0.215625 0.2875 0.1546875 0.16875
3 0.5609375 0.4359375 0.221875 0.2
3 0.49375 0.2484375 0.1375 0.11875
3 0.0765625 0.97734375 0.153125 0.0453125
3 0.2421875 0.8453125 0.1390625 0.1421875
3 0.109375 0.6796875 0.121875 0.196875
3 0.2140625 0.928125 0.1359375 0.1171875
3 0.096875 0.890625 0.1171875 0.1484375
3 0.1453125 0.753125 0.096875 0.115625
