3 0.4359375 0.94921875 0.1 0.1015625
3 0.078125 0.99296875 0.04375 0.0140625
3 0.1484375 0.9484375 0.1125 0.103125
3 0.7140625 0.9375 0.071875 0.115625
3 0.0734375 0.78125 0.0734375 0.125
3 0.659375 0.7453125 0.159375 0.0984375
3 0.5328125 0.8265625 0.078125 0.084375
3 0.4375 0.428125 0.09375 0.1203125
3 0.4859375 0.21875 0.06875 0.1203125
3 0.075 0.3890625 0.065625 0.0640625
3 0.1296875 0.140625 0.040625 0.0328125
3 0.2421875 0.2421875 0.06875 0.059375
3 0.48125 0.36875 0.05625 0.0375
3 0.5375 0.65 0.0984375 0.0765625
3 0.1828125 0.6890625 0.153125 0.1421875
3 0.3640625 0.159375 0.046875 0.06875
