3 0.1453125 0.4421875 0.20625 0.1890625
3 0.3390625 0.41875 0.184375 0.2328125
3 0.5109375 0.421875 0.2 0.1796875
3 0.68125 0.421875 0.1375 0.2046875
3 0.6859375 0.6 0.1296875 0.153125
3 0.5359375 0.6046875 0.1953125 0.2015625
3 0.3453125 0.603125 0.178125 0.190625
3 0.1421875 0.6265625 0.2140625 0.19375
3 0.1375 0.834375 0.2203125 0.2171875
3 0.14140625 0.9765625 0.2203125 0.046875
3 0.35625 0.809375 0.2140625 0.2109375
3 0.5625 0.79375 0.1796875 0.19375
3 0.5828125 0.953125 0.21875 0.09375
3 0.3671875 0.9609375 0.1875 0.078125
