3 0.109375 0.3359375 0.109375 0.10625
3 0.2046875 0.325 0.1234375 0.128125
3 0.490625 0.4546875 0.1890625 0.1765625
3 0.440625 0.2875 0.11875 0.0984375
3 0.2171875 0.49375 0.11875 0.1390625
3 0.475 0.6453125 0.1265625 0.11875
3 0.26875 0.6421875 0.159375 0.0640625
3 0.284375 0.7 0.1890625 0.1109375
3 0.4359375 0.834375 0.19375 0.1375
3 0.134375 0.659375 0.1140625 0.175
3 0.109375 0.9375 0.1421875 0.0875
3 0.09921875 0.98359375 0.1140625 0.0328125
3 0.203125 0.975 0.1125 0.05
3 0.2921875 0.94921875 0.121875 0.1015625
3 0.4578125 0.9703125 0.1125 0.059375
3 0.53671875 0.9390625 0.1328125 0.121875
3 0.55 0.746875 0.0890625 0.1625
3 0.25 0.79375 0.1171875 0.115625
3 0.228125 0.865625 0.1125 0.096875
3 0.5125 0.553125 0.0953125 0.1015625
3 0.4140625 0.56875 0.1578125 0.1015625
3 0.3234375 0.3953125 0.1703125 0.3015625
3 0.1296875 0.8390625 0.1078125 0.125
3 0.515625 0.3203125 0.06875 0.1125
