3 0.06875 0.584375 0.075 0.0640625
3 0.146875 0.5828125 0.08125 0.0625
3 0.284375 0.834375 0.0859375 0.08125
3 0.15625 0.853125 0.1046875 0.0453125
3 0.425 0.7140625 0.078125 0.0796875
3 0.459375 0.659375 0.0640625 0.0640625
3 0.4984375 0.703125 0.0796875 0.0859375
3 0.634375 0.7203125 0.0640625 0.0796875
3 0.6671875 0.6125 0.0671875 0.0828125
3 0.2328125 0.61875 0.0703125 0.0765625
3 0.475 0.4609375 0.05625 0.059375
3 0.54375 0.459375 0.0640625 0.059375
3 0.5796875 0.415625 0.0578125 0.053125
3 0.5953125 0.5109375 0.06875 0.05625
3 0.5546875 0.546875 0.0578125 0.0609375
3 0.7671875 0.584375 0.0609375 0.0625
3 0.9234375 0.584375 0.1375 0.0609375
3 0.96953125 0.70234375 0.0609375 0.1015625
3 0.790625 0.475 0.0640625 0.0640625
3 0.85625 0.44375 0.075 0.0515625
3 0.4640625 0.3890625 0.0625 0.0546875
3 0.3984375 0.446875 0.0734375 0.071875
3 0.334375 0.5484375 0.0765625 0.0671875
3 0.471875 0.6 0.0546875 0.059375
3 0.28125 0.215625 0.0515625 0.0515625
3 0.571875 0.2953125 0.0578125 0.05
3 0.828125 0.309375 0.0453125 0.0375
3 0.928125 0.646875 0.0625 0.071875
3 0.396875 0.5578125 0.078125 0.14375
