3 0.065625 0.98125 0.046875 0.0375
3 0.109375 0.90625 0.0828125 0.05625
3 0.115625 0.9578125 0.0515625 0.059375
3 0.2109375 0.96484375 0.05 0.0703125
3 0.1828125 0.85625 0.1015625 0.0890625
3 0.26875 0.81875 0.0609375 0.0953125
3 0.2890625 0.8671875 0.0625 0.06875
3 0.228125 0.903125 0.0703125 0.0828125
3 0.2546875 0.9640625 0.0484375 0.0671875
3 0.32109375 0.93046875 0.1203125 0.1390625
3 0.084375 0.7734375 0.059375 0.0625
3 0.1875 0.7546875 0.05625 0.0359375
3 0.1375 0.775 0.075 0.0453125
3 0.234375 0.709375 0.0796875 0.06875
3 0.259375 0.7484375 0.084375 0.0453125
3 0.328125 0.7109375 0.0546875 0.0859375
3 0.3765625 0.740625 0.05 0.0703125
3 0.440625 0.78125 0.0703125 0.071875
3 0.3234375 0.7984375 0.075 0.05625
3 0.5203125 0.7578125 0.1546875 0.1375
3 0.3015625 0.5875 0.0671875 0.053125
3 0.3828125 0.5921875 0.0546875 0.065625
3 0.45 0.63125 0.0828125 0.0546875
3 0.58125 0.653125 0.0609375 0.05
3 0.4515625 0.5015625 0.078125 0.1140625
3 0.3671875 0.50625 0.0703125 0.040625
3 0.3140625 0.6265625 0.04375 0.0484375
3 0.3765625 0.665625 0.0546875 0.053125
3 0.375 0.39375 0.0515625 0.0390625
3 0.415625 0.325 0.4046875 0.0765625
3 0.428125 0.3953125 0.0421875 0.053125
3 0.35625 0.271875 0.1125 0.06875
3 0.67890625 0.9140625 0.1421875 0.171875
