2 0.11383928571428571 0.47544642857142855 0.011160714285714286 0.015625
2 0.11383928571428571 0.11607142857142858 0.015625 0.011160714285714286
2 0.15848214285714285 0.09151785714285714 0.017857142857142856 0.017857142857142856
2 0.38839285714285715 0.19866071428571427 0.015625 0.015625
2 0.5111607142857143 0.24553571428571427 0.13169642857142858 0.20535714285714285
2 0.6361607142857143 0.22767857142857142 0.04017857142857143 0.026785714285714284
2 0.7678571428571429 0.3638392857142857 0.029017857142857144 0.011160714285714286
2 0.32589285714285715 0.7522321428571429 0.04017857142857143 0.020089285714285716
2 0.234375 0.8013392857142857 0.18303571428571427 0.18080357142857142
2 0.40848214285714285 0.4642857142857143 0.2700892857142857 0.26339285714285715
2 0.6607142857142857 0.7633928571428571 0.013392857142857142 0.013392857142857142
2 0.296875 0.25669642857142855 0.022321428571428572 0.015625
2 0.7165178571428571 0.27901785714285715 0.020089285714285716 0.020089285714285716
2 0.8861607142857143 0.6183035714285714 0.029017857142857144 0.046875
2 0.7589285714285714 0.10044642857142858 0.020089285714285716 0.022321428571428572
2 0.53125 0.4888392857142857 0.06919642857142858 0.05803571428571429
