3 0.010296 0.5261263328125 0.08951200000000001 0.5474516671874999 0.3007546671875 0.4560516671875 0.43481066718749994 0.4560516671875 0.43785866718750005 0.39207033281250003 0.3545813328125 0.3351983328125 0.25809866718749996 0.3026996671875 0.033016000000000004 0.42365700000000006 0.010296 0.5261263328125
3 0.6267573328125 0.420505 0.62168 0.49057966718749996 0.6948026671875 0.5078436671875 0.77808 0.4560516671875 0.8704986671875 0.3524623328125 0.937528 0.24582766718750002 0.87964 0.22957966718749998 0.701912 0.2834036671875 0.6267573328125 0.420505
3 0.1971626671875 0.6033076671875001 0.287552 0.6997876671875 0.45613866718749996 0.666273 0.48254400000000003 0.5677636671874999 0.49473066718750003 0.47128366718750003 0.4205946671875 0.44995833281250003 0.34158666718749997 0.4642916671875 0.2408346671875 0.5301876671875 0.1971626671875 0.6033076671875001
3 0.6937866671874999 0.8165796671875001 0.7872213328125001 0.8287663328124999 0.8349546671875 0.7261930000000001 0.8085493328125001 0.571825 0.7403173328125 0.5481023328125 0.6714453328125 0.5982303328125 0.6937866671874999 0.8165796671875001
3 0.443952 0.4753476671875 0.4916853328125 0.2854356671875 0.46020266718749997 0.1706756671875 0.3545813328125 0.1676276671875 0.343408 0.250905 0.342392 0.36871299999999996 0.3728613328125 0.4682383328125 0.443952 0.4753476671875
3 0.008264 0.6490090000000001 0.0397466671875 0.6784596671875 0.1189626671875 0.6754143328125 0.227632 0.631745 0.2591146671875 0.6154943328125 0.386064 0.4672223328125 0.3545813328125 0.43777166718749994 0.288568 0.4347236671875 0.22052266718750002 0.4469103328125 0.1545093328125 0.495657 0.059042667187499995 0.5494836671875001 0.0539653328125 0.5504996671875 0.05498133281249999 0.5504996671875 0.054602667187499995 0.5506409999999999 0.011312 0.5860436671875 0.008264 0.6490090000000001
3 0.1220106671875 0.165625 0.0813866671875 0.20012633281249997 0.085448 0.3169183328125 0.14638400000000001 0.3351983328125 0.23492000000000002 0.1722276671875 0.1220106671875 0.165625
3 0.978152 0.8318116671875 0.9791679999999999 0.7099423328125 0.901984 0.5809663328125 0.8481573328125 0.5677636671874999 0.7973786671875 0.5677636671874999 0.803472 0.6236196671875 0.8522186671875 0.822673 0.978152 0.8318116671875
3 0.5495733328125 0.728225 0.586136 0.8114996671875 0.6551946671875 0.820641 0.698864 0.7322863328125 0.7516746671875 0.5515156671875 0.7303493328124999 0.5240943328125 0.6387306671874999 0.5290543328124999 0.5759786671875 0.5860436671875 0.5495733328125 0.728225
3 0.505904 0.165625 0.4703573328125 0.21637699999999999 0.4683253328125 0.2773103328125 0.5119973328125 0.308793 0.697144 0.169689 0.505904 0.165625
3 0.2591146671875 0.7932196671875 0.3220826671875 0.746505 0.362704 0.687601 0.3586426671875 0.6175263328125 0.2347413328125 0.6043236671875001 0.164664 0.6743983328125001 0.14638400000000001 0.798297 0.21544533281249997 0.8247023328124999 0.2591146671875 0.7932196671875
3 0.464264 0.3402756671875 0.42770400000000003 0.37379033281249996 0.4287173328125 0.514953 0.48152799999999996 0.6154943328125 0.5881653328125 0.554561 0.5922293328125 0.3900383328125 0.464264 0.3402756671875
