0 0.71875 0.23046875 0.1828125 0.2703125
0 0.5796875 0.22578125 0.15625 0.290625
0 0.4390625 0.2140625 0.1609375 0.3015625
0 0.28046875 0.2046875 0.15625 0.315625
0 0.225 0.47109375 0.1671875 0.2859375
0 0.3703125 0.4765625 0.1328125 0.275
0 0.5015625 0.48984375 0.15625 0.28125
0 0.6140625 0.484375 0.1578125 0.278125
0 0.7328125 0.48359375 0.159375 0.2609375
0 0.1828125 0.78125 0.10625 0.38125
0 0.28125 0.77734375 0.0953125 0.365625
0 0.378125 0.77421875 0.0890625 0.371875
0 0.45703125 0.76875 0.10625 0.359375
0 0.53203125 0.76484375 0.1140625 0.3640625
0 0.6140625 0.7671875 0.1390625 0.3578125
0 0.690625 0.7640625 0.1328125 0.346875
0 0.7640625 0.75390625 0.1359375 0.340625
0 0.83828125 0.753125 0.1453125 0.3390625
0 0.9109375 0.7484375 0.1515625 0.3234375
