3 0.1109375 0.49375 0.146875 0.20625
3 0.1578125 0.68125 0.16875 0.1078125
3 0.4890625 0.5 0.15625 0.196875
3 0.903125 0.2859375 0.1390625 0.1984375
3 0.83125 0.5328125 0.153125 0.1546875
3 0.571875 0.778125 0.1546875 0.1109375
3 0.4796875 0.690625 0.0875 0.140625
3 0.6921875 0.2171875 0.0578125 0.0796875
3 0.9671875 0.3453125 0.065625 0.06875
3 0.871875 0.6796875 0.0515625 0.06875
3 0.2765625 0.8015625 0.0765625 0.0625
3 0.0734375 0.809375 0.125 0.046875
3 0.9359375 0.690625 0.084375 0.0859375
3 0.2125 0.35625 0.1390625 0.05
3 0.7796875 0.4296875 0.190625 0.0671875
3 0.2984375 0.228125 0.08125 0.0703125
3 0.28125 0.290625 0.109375 0.0890625
3 0.4015625 0.6859375 0.065625 0.103125
3 0.703125 0.75625 0.071875 0.0984375
3 0.08125 0.315625 0.109375 0.1171875
3 0.3609375 0.796875 0.046875 0.0515625
3 0.9609375 0.4953125 0.0390625 0.028125
3 0.959375 0.5453125 0.03125 0.0359375
3 0.928125 0.5484375 0.034375 0.0265625
3 0.6859375 0.5375 0.0421875 0.0375
3 0.284375 0.65 0.075 0.06875
3 0.059375 0.7546875 0.1125 0.05
3 0.275 0.5234375 0.0734375 0.0984375
3 0.0609375 0.2 0.021875 0.040625
3 0.196875 0.24375 0.121875 0.153125
3 0.55625 0.2796875 0.2234375 0.1609375
3 0.275 0.7234375 0.140625 0.0953125
3 0.828125 0.75 0.10625 0.134375
3 0.75625 0.7546875 0.06875 0.1359375
3 0.9640625 0.740625 0.071875 0.0953125
3 0.9484375 0.434375 0.096875 0.0453125
