2 0.9196428571428571 0.10714285714285714 0.12053571428571429 0.13839285714285715
2 0.8459821428571429 0.09151785714285714 0.020089285714285716 0.013392857142857142
2 0.5647321428571429 0.09375 0.013392857142857142 0.011160714285714286
2 0.65625 0.23214285714285715 0.10714285714285714 0.10714285714285714
2 0.5959821428571429 0.32142857142857145 0.020089285714285716 0.020089285714285716
2 0.13169642857142858 0.3169642857142857 0.013392857142857142 0.020089285714285716
2 0.31919642857142855 0.6674107142857143 0.0625 0.06473214285714286
2 0.8571428571428571 0.6540178571428571 0.022321428571428572 0.020089285714285716
2 0.6428571428571429 0.9575892857142857 0.017857142857142856 0.015625
2 0.015625 0.8415178571428571 0.022321428571428572 0.020089285714285716
2 0.09598214285714286 0.9553571428571429 0.015625 0.017857142857142856
2 0.3861607142857143 0.9285714285714286 0.10491071428571429 0.140625
2 0.48214285714285715 0.7008928571428571 0.3080357142857143 0.296875
