1 0.7896634615384616 0.5252403846153846 0.3762019230769231 0.0985576923076923
1 0.20673076923076922 0.5552884615384616 0.2512019230769231 0.10216346153846154
1 0.18629807692307693 0.47716346153846156 0.22355769230769232 0.09375
1 0.20192307692307693 0.375 0.24639423076923078 0.1141826923076923
1 0.4639423076923077 0.4170673076923077 0.29447115384615385 0.12139423076923077
1 0.796875 0.42427884615384615 0.37259615384615385 0.11538461538461539
1 0.7836538461538461 0.3245192307692308 0.3858173076923077 0.11057692307692307
1 0.44591346153846156 0.3137019230769231 0.2932692307692308 0.12860576923076922
1 0.7752403846153846 0.20192307692307693 0.37740384615384615 0.15144230769230768
1 0.48197115384615385 0.19591346153846154 0.3004807692307692 0.11177884615384616
1 0.18629807692307693 0.3112980769230769 0.21153846153846154 0.10216346153846154
1 0.19110576923076922 0.17427884615384615 0.24158653846153846 0.16105769230769232
