1 0.8990384615384616 0.5685096153846154 0.20072115384615385 0.40384615384615385
1 0.15625 0.6430288461538461 0.3125 0.46875
1 0.1814903846153846 0.3425480769230769 0.3629807692307692 0.28966346153846156
1 0.5420673076923077 0.7824519230769231 0.6237980769230769 0.3737980769230769
1 0.5288461538461539 0.5925480769230769 0.6045673076923077 0.3389423076923077
1 0.578125 0.46634615384615385 0.390625 0.1814903846153846
1 0.8473557692307693 0.31490384615384615 0.2608173076923077 0.17427884615384615
1 0.7872596153846154 0.11778846153846154 0.3713942307692308 0.234375
1 0.5252403846153846 0.21394230769230768 0.4375 0.296875
1 0.21394230769230768 0.1466346153846154 0.4098557692307692 0.28725961538461536
