1 0.20432692307692307 0.7764423076923077 0.39903846153846156 0.23557692307692307
1 0.20552884615384615 0.6045673076923077 0.30528846153846156 0.1875
1 0.65625 0.7920673076923077 0.39663461538461536 0.23798076923076922
1 0.6670673076923077 0.6502403846153846 0.2692307692307692 0.17908653846153846
1 0.7560096153846154 0.46875 0.43028846153846156 0.21754807692307693
1 0.7668269230769231 0.3317307692307692 0.39903846153846156 0.18028846153846154
1 0.7403846153846154 0.21875 0.3004807692307692 0.13341346153846154
1 0.25 0.40384615384615385 0.4423076923076923 0.203125
1 0.23677884615384615 0.2536057692307692 0.3581730769230769 0.18028846153846154
1 0.23197115384615385 0.09375 0.3245192307692308 0.1875
