1 0.44711538461538464 0.6826923076923077 0.15144230769230768 0.5192307692307693
1 0.14302884615384615 0.7151442307692307 0.18990384615384615 0.4326923076923077
1 0.2800480769230769 0.7391826923076923 0.1971153846153846 0.45913461538461536
1 0.5793269230769231 0.6526442307692307 0.14302884615384615 0.5264423076923077
1 0.7091346153846154 0.7007211538461539 0.18509615384615385 0.5132211538461539
1 0.8413461538461539 0.6105769230769231 0.2247596153846154 0.5913461538461539
1 0.8185096153846154 0.30528846153846156 0.20793269230769232 0.5925480769230769
1 0.6875 0.2920673076923077 0.10216346153846154 0.40024038461538464
1 0.5793269230769231 0.3112980769230769 0.10576923076923077 0.3317307692307692
1 0.4963942307692308 0.5288461538461539 0.12139423076923077 0.5841346153846154
1 0.4326923076923077 0.33413461538461536 0.14302884615384615 0.45913461538461536
1 0.30528846153846156 0.28846153846153844 0.14182692307692307 0.49399038461538464
1 0.14783653846153846 0.3161057692307692 0.20552884615384615 0.45552884615384615
