1 0.49278846153846156 0.19951923076923078 0.17067307692307693 0.39903846153846156
1 0.34975961538461536 0.2704326923076923 0.171875 0.4182692307692308
1 0.08052884615384616 0.5817307692307693 0.15985576923076922 0.5540865384615384
1 0.23798076923076922 0.40625 0.18509615384615385 0.43028846153846156
1 0.5348557692307693 0.5012019230769231 0.1875 0.5637019230769231
1 0.6598557692307693 0.3125 0.18509615384615385 0.5360576923076923
1 0.9375 0.2824519230769231 0.12379807692307693 0.47115384615384615
1 0.8798076923076923 0.3954326923076923 0.16706730769230768 0.453125
1 0.921875 0.7632211538461539 0.15625 0.4735576923076923
1 0.7704326923076923 0.6478365384615384 0.203125 0.703125
1 0.5901442307692307 0.7704326923076923 0.2620192307692308 0.45913461538461536
1 0.39302884615384615 0.6454326923076923 0.18389423076923078 0.5576923076923077
1 0.19591346153846154 0.7487980769230769 0.23317307692307693 0.5024038461538461
